episode, timestep, update_iters, epi_return, avg_turn
1, 12, 0, 12.0, 0
2, 34, 0, 22.0, 12.0
3, 52, 0, 18.0, 17.0
4, 70, 0, 18.0, 17.333333333333332
5, 99, 0, 29.0, 17.5
6, 113, 0, 14.0, 19.8
7, 146, 0, 33.0, 18.833333333333332
8, 163, 0, 17.0, 20.857142857142858
9, 180, 0, 17.0, 20.375
10, 219, 0, 39.0, 20.0
11, 233, 0, 14.0, 21.9
12, 249, 0, 16.0, 21.181818181818183
13, 280, 0, 31.0, 20.75
14, 323, 0, 43.0, 21.53846153846154
15, 335, 0, 12.0, 23.071428571428573
16, 367, 0, 32.0, 22.333333333333332
17, 389, 0, 22.0, 22.9375
18, 407, 0, 18.0, 22.88235294117647
19, 426, 0, 19.0, 22.61111111111111
20, 457, 0, 31.0, 22.42105263157895
21, 513, 0, 56.0, 22.85
22, 522, 0, 9.0, 24.428571428571427
23, 547, 0, 25.0, 23.727272727272727
24, 591, 0, 44.0, 23.782608695652176
25, 623, 0, 32.0, 24.625
26, 632, 0, 9.0, 24.92
27, 642, 0, 10.0, 24.307692307692307
28, 658, 0, 16.0, 23.77777777777778
29, 677, 0, 19.0, 23.5
30, 693, 0, 16.0, 23.344827586206897
31, 717, 0, 24.0, 23.1
32, 731, 0, 14.0, 23.129032258064516
33, 760, 0, 29.0, 22.84375
34, 777, 0, 17.0, 23.03030303030303
35, 793, 0, 16.0, 22.852941176470587
36, 814, 0, 21.0, 22.65714285714286
37, 827, 0, 13.0, 22.61111111111111
38, 839, 0, 12.0, 22.35135135135135
39, 880, 0, 41.0, 22.07894736842105
40, 898, 0, 18.0, 22.564102564102566
41, 922, 0, 24.0, 22.45
42, 939, 0, 17.0, 22.48780487804878
43, 974, 0, 35.0, 22.357142857142858
44, 989, 0, 15.0, 22.651162790697676
45, 999, 0, 10.0, 22.477272727272727
46, 1026, 1, 27.0, 22.2
47, 1035, 1, 9.0, 22.304347826086957
48, 1051, 1, 16.0, 22.02127659574468
49, 1078, 1, 27.0, 21.895833333333332
50, 1093, 1, 15.0, 22.0
51, 1119, 1, 26.0, 21.86
52, 1155, 1, 36.0, 21.941176470588236
53, 1174, 1, 19.0, 22.21153846153846
54, 1206, 1, 32.0, 22.150943396226417
55, 1258, 1, 52.0, 22.333333333333332
56, 1310, 1, 52.0, 22.87272727272727
57, 1337, 1, 27.0, 23.392857142857142
58, 1428, 1, 91.0, 23.45614035087719
59, 1441, 1, 13.0, 24.620689655172413
60, 1454, 1, 13.0, 24.423728813559322
61, 1491, 1, 37.0, 24.233333333333334
62, 1509, 1, 18.0, 24.442622950819672
63, 1543, 1, 34.0, 24.338709677419356
64, 1559, 1, 16.0, 24.49206349206349
65, 1570, 1, 11.0, 24.359375
66, 1611, 1, 41.0, 24.153846153846153
67, 1627, 1, 16.0, 24.40909090909091
68, 1643, 1, 16.0, 24.28358208955224
69, 1657, 1, 14.0, 24.16176470588235
70, 1669, 1, 12.0, 24.014492753623188
71, 1687, 1, 18.0, 23.84285714285714
72, 1706, 1, 19.0, 23.760563380281692
73, 1737, 1, 31.0, 23.694444444444443
74, 1751, 1, 14.0, 23.794520547945204
75, 1780, 1, 29.0, 23.66216216216216
76, 1809, 1, 29.0, 23.733333333333334
77, 1830, 1, 21.0, 23.80263157894737
78, 1859, 1, 29.0, 23.766233766233768
79, 1875, 1, 16.0, 23.833333333333332
80, 1902, 1, 27.0, 23.734177215189874
81, 1928, 1, 26.0, 23.775
82, 1939, 1, 11.0, 23.80246913580247
83, 1985, 1, 46.0, 23.646341463414632
84, 2000, 2, 15.0, 23.91566265060241
85, 2034, 2, 34.0, 23.80952380952381
86, 2053, 2, 19.0, 23.929411764705883
87, 2090, 2, 37.0, 23.872093023255815
88, 2191, 2, 101.0, 24.022988505747126
89, 2214, 2, 23.0, 24.897727272727273
90, 2313, 2, 99.0, 24.876404494382022
91, 2362, 2, 49.0, 25.7
92, 2377, 2, 15.0, 25.956043956043956
93, 2392, 2, 15.0, 25.83695652173913
94, 2467, 2, 75.0, 25.72043010752688
95, 2482, 2, 15.0, 26.24468085106383
96, 2573, 2, 91.0, 26.126315789473683
97, 2671, 2, 98.0, 26.802083333333332
98, 2718, 2, 47.0, 27.536082474226806
99, 2764, 2, 46.0, 27.73469387755102
100, 2827, 2, 63.0, 27.91919191919192
101, 2859, 2, 32.0, 28.27
102, 2905, 2, 46.0, 28.47
103, 2918, 2, 13.0, 28.71
104, 2996, 2, 78.0, 28.66
105, 3126, 3, 130.0, 29.26
106, 3145, 3, 19.0, 30.27
107, 3174, 3, 29.0, 30.32
108, 3224, 3, 50.0, 30.28
109, 3350, 3, 126.0, 30.61
110, 3410, 3, 60.0, 31.7
111, 3582, 3, 172.0, 31.91
112, 3623, 3, 41.0, 33.49
113, 3736, 3, 113.0, 33.74
114, 3805, 3, 69.0, 34.56
115, 3824, 3, 19.0, 34.82
116, 3882, 3, 58.0, 34.89
117, 4138, 4, 256.0, 35.15
118, 4299, 4, 161.0, 37.49
119, 4454, 4, 155.0, 38.92
120, 4700, 4, 246.0, 40.28
121, 4857, 4, 157.0, 42.43
122, 5031, 5, 174.0, 43.44
123, 5190, 5, 159.0, 45.09
124, 5437, 5, 247.0, 46.43
125, 5658, 5, 221.0, 48.46
126, 6107, 6, 449.0, 50.35
127, 6382, 6, 275.0, 54.75
128, 6588, 6, 206.0, 57.4
129, 7001, 7, 413.0, 59.3
130, 7333, 7, 332.0, 63.24
131, 7619, 7, 286.0, 66.4
132, 7784, 7, 165.0, 69.02
133, 8123, 8, 339.0, 70.53
134, 8279, 8, 156.0, 73.63
135, 8595, 8, 316.0, 75.02
136, 8853, 8, 258.0, 78.02
137, 9069, 9, 216.0, 80.39
138, 9490, 9, 421.0, 82.42
139, 9658, 9, 168.0, 86.51
140, 9905, 9, 247.0, 87.78
141, 10128, 10, 223.0, 90.07
142, 10583, 10, 455.0, 92.06
143, 10837, 10, 254.0, 96.44
144, 11034, 11, 197.0, 98.63
145, 11394, 11, 360.0, 100.45
146, 11755, 11, 361.0, 103.95
147, 12095, 12, 340.0, 107.29
148, 12486, 12, 391.0, 110.6
149, 12837, 12, 351.0, 114.35
150, 13234, 13, 397.0, 117.59
151, 13722, 13, 488.0, 121.41
152, 14152, 14, 430.0, 126.03
153, 14530, 14, 378.0, 129.97
154, 15030, 15, 500.0, 133.56
155, 15509, 15, 479.0, 138.24
156, 16009, 16, 500.0, 142.51
157, 16509, 16, 500.0, 146.99
158, 16853, 16, 344.0, 151.72
159, 17353, 17, 500.0, 154.25
160, 17853, 17, 500.0, 159.12
161, 18353, 18, 500.0, 163.99
162, 18853, 18, 500.0, 168.62
163, 19353, 19, 500.0, 173.44
164, 19843, 19, 490.0, 178.1
165, 20343, 20, 500.0, 182.84
166, 20843, 20, 500.0, 187.73
167, 21343, 21, 500.0, 192.32
168, 21843, 21, 500.0, 197.16
169, 22290, 22, 447.0, 202.0
170, 22685, 22, 395.0, 206.33
171, 23185, 23, 500.0, 210.16
172, 23621, 23, 436.0, 214.98
173, 24095, 24, 474.0, 219.15
174, 24595, 24, 500.0, 223.58
175, 25095, 25, 500.0, 228.44
176, 25437, 25, 342.0, 233.15
177, 25937, 25, 500.0, 236.28
178, 26437, 26, 500.0, 241.07
179, 26905, 26, 468.0, 245.78
180, 27405, 27, 500.0, 250.3
181, 27905, 27, 500.0, 255.03
182, 28405, 28, 500.0, 259.77
183, 28696, 28, 291.0, 264.66
184, 29196, 29, 500.0, 267.11
185, 29457, 29, 261.0, 271.96
186, 29668, 29, 211.0, 274.23
187, 30125, 30, 457.0, 276.15
188, 30625, 30, 500.0, 280.35
189, 31125, 31, 500.0, 284.34
190, 31625, 31, 500.0, 289.11
191, 32125, 32, 500.0, 293.12
192, 32625, 32, 500.0, 297.63
193, 33125, 33, 500.0, 302.48
194, 33625, 33, 500.0, 307.33
195, 34125, 34, 500.0, 311.58
196, 34625, 34, 500.0, 316.43
197, 35125, 35, 500.0, 320.52
198, 35625, 35, 500.0, 324.54
199, 36125, 36, 500.0, 329.07
200, 36625, 36, 500.0, 333.61
201, 37125, 37, 500.0, 337.98
202, 37625, 37, 500.0, 342.66
203, 38125, 38, 500.0, 347.2
204, 38625, 38, 500.0, 352.07
205, 39125, 39, 500.0, 356.29
206, 39625, 39, 500.0, 359.99
207, 40125, 40, 500.0, 364.8
208, 40625, 40, 500.0, 369.51
209, 41125, 41, 500.0, 374.01
210, 41625, 41, 500.0, 377.75
211, 42125, 42, 500.0, 382.15
212, 42625, 42, 500.0, 385.43
213, 43125, 43, 500.0, 390.02
214, 43625, 43, 500.0, 393.89
215, 44125, 44, 500.0, 398.2
216, 44625, 44, 500.0, 403.01
217, 45125, 45, 500.0, 407.43
218, 45625, 45, 500.0, 409.87
219, 46125, 46, 500.0, 413.26
220, 46625, 46, 500.0, 416.71
221, 47125, 47, 500.0, 419.25
222, 47625, 47, 500.0, 422.68
223, 48125, 48, 500.0, 425.94
224, 48625, 48, 500.0, 429.35
225, 49125, 49, 500.0, 431.88
226, 49625, 49, 500.0, 434.67
227, 50125, 50, 500.0, 435.18
228, 50625, 50, 500.0, 437.43
229, 51125, 51, 500.0, 440.37
230, 51625, 51, 500.0, 441.24
231, 52125, 52, 500.0, 442.92
232, 52625, 52, 500.0, 445.06
233, 53125, 53, 500.0, 448.41
234, 53625, 53, 500.0, 450.02
235, 54125, 54, 500.0, 453.46
236, 54625, 54, 500.0, 455.3
237, 55125, 55, 500.0, 457.72
238, 55625, 55, 500.0, 460.56
239, 56125, 56, 500.0, 461.35
240, 56625, 56, 500.0, 464.67
241, 57125, 57, 500.0, 467.2
242, 57625, 57, 500.0, 469.97
243, 58125, 58, 500.0, 470.42
244, 58625, 58, 500.0, 472.88
245, 59125, 59, 500.0, 475.91
246, 59625, 59, 500.0, 477.31
247, 60125, 60, 500.0, 478.7
248, 60625, 60, 500.0, 480.3
249, 61125, 61, 500.0, 481.39
250, 61625, 61, 500.0, 482.88
251, 62125, 62, 500.0, 483.91
252, 62625, 62, 500.0, 484.03
253, 63125, 63, 500.0, 484.73
254, 63625, 63, 500.0, 485.95
255, 64125, 64, 500.0, 485.95
256, 64625, 64, 500.0, 486.16
257, 65125, 65, 500.0, 486.16
258, 65625, 65, 500.0, 486.16
259, 66125, 66, 500.0, 487.72
260, 66625, 66, 500.0, 487.72
261, 67125, 67, 500.0, 487.72
262, 67625, 67, 500.0, 487.72
263, 68125, 68, 500.0, 487.72
264, 68625, 68, 500.0, 487.72
265, 69125, 69, 500.0, 487.82
266, 69625, 69, 500.0, 487.82
267, 70125, 70, 500.0, 487.82
268, 70625, 70, 500.0, 487.82
269, 71125, 71, 500.0, 487.82
270, 71625, 71, 500.0, 488.35
271, 72125, 72, 500.0, 489.4
272, 72625, 72, 500.0, 489.4
273, 73125, 73, 500.0, 490.04
274, 73625, 73, 500.0, 490.3
275, 74125, 74, 500.0, 490.3
276, 74625, 74, 500.0, 490.3
277, 75125, 75, 500.0, 491.88
278, 75625, 75, 500.0, 491.88
279, 76125, 76, 500.0, 491.88
280, 76625, 76, 500.0, 492.2
281, 77125, 77, 500.0, 492.2
282, 77625, 77, 500.0, 492.2
283, 78125, 78, 500.0, 492.2
284, 78625, 78, 500.0, 494.29
285, 79099, 79, 474.0, 494.29
286, 79599, 79, 500.0, 496.42
287, 80099, 80, 500.0, 499.31
288, 80572, 80, 473.0, 499.74
289, 80905, 80, 333.0, 499.47
290, 81360, 81, 455.0, 497.8
291, 81860, 81, 500.0, 497.35
292, 82360, 82, 500.0, 497.35
293, 82860, 82, 500.0, 497.35
294, 83360, 83, 500.0, 497.35
295, 83860, 83, 500.0, 497.35
296, 84360, 84, 500.0, 497.35
297, 84860, 84, 500.0, 497.35
298, 85360, 85, 500.0, 497.35
299, 85860, 85, 500.0, 497.35
300, 86360, 86, 500.0, 497.35
301, 86860, 86, 500.0, 497.35
302, 87360, 87, 500.0, 497.35
303, 87860, 87, 500.0, 497.35
304, 88360, 88, 500.0, 497.35
305, 88860, 88, 500.0, 497.35
306, 89360, 89, 500.0, 497.35
307, 89687, 89, 327.0, 497.35
308, 90187, 90, 500.0, 495.62
309, 90548, 90, 361.0, 495.62
310, 91048, 91, 500.0, 494.23
311, 91548, 91, 500.0, 494.23
312, 92048, 92, 500.0, 494.23
313, 92548, 92, 500.0, 494.23
314, 93048, 93, 500.0, 494.23
315, 93548, 93, 500.0, 494.23
316, 94048, 94, 500.0, 494.23
317, 94548, 94, 500.0, 494.23
318, 95048, 95, 500.0, 494.23
319, 95548, 95, 500.0, 494.23
320, 96048, 96, 500.0, 494.23
321, 96548, 96, 500.0, 494.23
322, 97048, 97, 500.0, 494.23
323, 97548, 97, 500.0, 494.23
324, 98032, 98, 484.0, 494.23
325, 98532, 98, 500.0, 494.07
326, 99032, 99, 500.0, 494.07
327, 99532, 99, 500.0, 494.07
328, 100032, 100, 500.0, 494.07
329, 100532, 100, 500.0, 494.07
330, 101032, 101, 500.0, 494.07
331, 101532, 101, 500.0, 494.07
332, 102032, 102, 500.0, 494.07
333, 102532, 102, 500.0, 494.07
334, 103032, 103, 500.0, 494.07
335, 103532, 103, 500.0, 494.07
336, 104032, 104, 500.0, 494.07
337, 104532, 104, 500.0, 494.07
338, 105032, 105, 500.0, 494.07
339, 105532, 105, 500.0, 494.07
340, 106032, 106, 500.0, 494.07
341, 106532, 106, 500.0, 494.07
342, 107032, 107, 500.0, 494.07
343, 107532, 107, 500.0, 494.07
344, 108032, 108, 500.0, 494.07
345, 108532, 108, 500.0, 494.07
346, 109032, 109, 500.0, 494.07
347, 109532, 109, 500.0, 494.07
348, 110032, 110, 500.0, 494.07
349, 110532, 110, 500.0, 494.07
350, 111032, 111, 500.0, 494.07
351, 111532, 111, 500.0, 494.07
352, 112032, 112, 500.0, 494.07
353, 112532, 112, 500.0, 494.07
354, 113032, 113, 500.0, 494.07
355, 113532, 113, 500.0, 494.07
356, 114032, 114, 500.0, 494.07
357, 114532, 114, 500.0, 494.07
358, 115032, 115, 500.0, 494.07
359, 115532, 115, 500.0, 494.07
360, 116032, 116, 500.0, 494.07
361, 116532, 116, 500.0, 494.07
362, 117032, 117, 500.0, 494.07
363, 117532, 117, 500.0, 494.07
364, 118032, 118, 500.0, 494.07
365, 118532, 118, 500.0, 494.07
366, 119032, 119, 500.0, 494.07
367, 119532, 119, 500.0, 494.07
368, 120032, 120, 500.0, 494.07
369, 120532, 120, 500.0, 494.07
370, 121032, 121, 500.0, 494.07
371, 121532, 121, 500.0, 494.07
372, 122032, 122, 500.0, 494.07
373, 122532, 122, 500.0, 494.07
374, 123032, 123, 500.0, 494.07
375, 123532, 123, 500.0, 494.07
376, 124032, 124, 500.0, 494.07
377, 124532, 124, 500.0, 494.07
378, 125032, 125, 500.0, 494.07
379, 125532, 125, 500.0, 494.07
380, 126032, 126, 500.0, 494.07
381, 126532, 126, 500.0, 494.07
382, 127032, 127, 500.0, 494.07
383, 127532, 127, 500.0, 494.07
384, 128032, 128, 500.0, 494.07
385, 128532, 128, 500.0, 494.07
386, 129032, 129, 500.0, 494.33
387, 129532, 129, 500.0, 494.33
388, 130032, 130, 500.0, 494.33
389, 130532, 130, 500.0, 494.6
390, 131032, 131, 500.0, 496.27
391, 131532, 131, 500.0, 496.72
392, 132032, 132, 500.0, 496.72
393, 132532, 132, 500.0, 496.72
394, 133032, 133, 500.0, 496.72
395, 133532, 133, 500.0, 496.72
396, 134032, 134, 500.0, 496.72
397, 134532, 134, 500.0, 496.72
398, 135032, 135, 500.0, 496.72
399, 135532, 135, 500.0, 496.72
400, 136032, 136, 500.0, 496.72
