[2025-09-16 11:12] Env=simple_spread_v3, num_actor=2, is_continuous=False, (last50)
Ep, Ep_return, Ep_Length, Actor_Los, Critic_Loss, Avg_Entropy
50: -42.639, 25.000, 8.289, 0.852, 1.599
100: -42.356, 25.000, 7.370, 0.832, 1.599
150: -42.499, 25.000, 4.991, 1.427, 1.599
200: -43.927, 25.000, 1.950, 3.550, 1.599
250: -36.453, 25.000, -1.775, 5.668, 1.600
300: -42.528, 25.000, -1.486, 6.802, 1.594
350: -38.311, 25.000, -3.598, 8.536, 1.594
400: -39.591, 25.000, -3.267, 8.089, 1.591
450: -37.870, 25.000, -3.123, 7.566, 1.591
500: -41.669, 25.000, -2.801, 8.383, 1.586
Model saved at episode 500
550: -41.005, 25.000, -2.519, 7.723, 1.583
600: -38.230, 25.000, -3.778, 8.070, 1.578
650: -37.875, 25.000, -3.770, 8.554, 1.579
700: -41.352, 25.000, -3.091, 8.365, 1.578
750: -37.680, 25.000, -3.891, 8.363, 1.579
800: -40.224, 25.000, -3.410, 8.464, 1.579
850: -36.761, 25.000, -3.313, 7.298, 1.572
900: -40.828, 25.000, -3.252, 8.235, 1.578
950: -36.193, 25.000, -3.756, 7.737, 1.571
1000: -39.702, 25.000, -3.355, 7.902, 1.574
Model saved at episode 1000
1050: -35.888, 25.000, -3.300, 6.993, 1.577
1100: -38.393, 25.000, -3.239, 7.889, 1.571
1150: -37.379, 25.000, -2.753, 6.197, 1.572
1200: -38.871, 25.000, -3.820, 8.754, 1.569
1250: -39.116, 25.000, -3.417, 7.825, 1.566
1300: -37.288, 25.000, -3.578, 7.625, 1.567
1350: -35.138, 25.000, -3.600, 7.035, 1.563
1400: -37.311, 25.000, -3.041, 6.144, 1.559
1450: -37.479, 25.000, -2.315, 5.629, 1.554
1500: -39.463, 25.000, -2.610, 6.606, 1.551
Model saved at episode 1500
1550: -36.961, 25.000, -3.195, 6.335, 1.552
1600: -37.826, 25.000, -2.985, 6.929, 1.542
1650: -38.113, 25.000, -2.965, 6.326, 1.544
1700: -37.287, 25.000, -3.163, 6.463, 1.547
1750: -38.751, 25.000, -3.784, 8.233, 1.547
1800: -37.801, 25.000, -3.056, 6.536, 1.538
1850: -36.310, 25.000, -3.474, 6.554, 1.540
1900: -34.436, 25.000, -2.676, 5.367, 1.535
1950: -33.464, 25.000, -2.703, 5.525, 1.539
2000: -34.800, 25.000, -2.968, 5.270, 1.536
Model saved at episode 2000
2050: -33.533, 25.000, -2.976, 5.914, 1.531
2100: -37.063, 25.000, -3.161, 7.067, 1.548
2150: -35.003, 25.000, -3.101, 5.660, 1.535
2200: -35.913, 25.000, -2.946, 6.003, 1.528
2250: -35.811, 25.000, -2.715, 5.668, 1.517
2300: -36.208, 25.000, -2.907, 6.058, 1.514
2350: -33.977, 25.000, -3.712, 6.599, 1.509
2400: -34.390, 25.000, -3.355, 5.882, 1.514
2450: -35.772, 25.000, -2.349, 4.991, 1.505
2500: -38.737, 25.000, -2.237, 4.989, 1.493
Model saved at episode 2500
2550: -35.893, 25.000, -3.041, 5.925, 1.496
2600: -33.886, 25.000, -3.088, 5.354, 1.496
2650: -34.677, 25.000, -2.685, 5.103, 1.497
2700: -36.665, 25.000, -2.050, 4.762, 1.484
2750: -34.135, 25.000, -2.512, 4.413, 1.485
2800: -35.548, 25.000, -2.048, 4.604, 1.473
2850: -34.437, 25.000, -2.376, 4.275, 1.466
2900: -34.432, 25.000, -1.421, 3.234, 1.463
2950: -34.501, 25.000, -2.203, 4.294, 1.466
3000: -35.557, 25.000, -1.934, 3.550, 1.448
Model saved at episode 3000
3050: -36.125, 25.000, -1.969, 4.259, 1.447
3100: -37.588, 25.000, -2.066, 4.036, 1.433
3150: -36.830, 25.000, -2.111, 3.822, 1.437
3200: -36.230, 25.000, -1.925, 4.039, 1.435
3250: -35.053, 25.000, -1.894, 3.413, 1.430
3300: -37.204, 25.000, -1.275, 3.277, 1.417
3350: -33.594, 25.000, -2.635, 4.199, 1.418
3400: -37.093, 25.000, -1.129, 2.780, 1.405
3450: -32.335, 25.000, -2.429, 3.591, 1.426
3500: -32.823, 25.000, -1.398, 2.608, 1.423
Model saved at episode 3500
3550: -37.995, 25.000, -1.308, 3.398, 1.406
3600: -29.657, 25.000, -3.311, 4.014, 1.412
3650: -36.155, 25.000, -1.091, 2.899, 1.385
3700: -34.492, 25.000, -1.883, 3.459, 1.373
3750: -30.982, 25.000, -2.791, 3.792, 1.419
3800: -33.395, 25.000, -1.266, 2.643, 1.391
3850: -34.849, 25.000, -1.336, 2.738, 1.325
3900: -31.045, 25.000, -2.165, 2.700, 1.335
3950: -31.234, 25.000, -1.783, 2.883, 1.374
4000: -32.405, 25.000, -1.391, 2.714, 1.366
Model saved at episode 4000
4050: -34.109, 25.000, -1.948, 3.645, 1.344
4100: -33.211, 25.000, -1.729, 2.846, 1.360
4150: -34.430, 25.000, -0.745, 1.865, 1.289
4200: -32.891, 25.000, -1.531, 2.577, 1.282
4250: -33.831, 25.000, -1.688, 2.558, 1.318
4300: -32.025, 25.000, -1.582, 2.007, 1.261
4350: -32.231, 25.000, -1.412, 2.361, 1.237
4400: -33.043, 25.000, -0.448, 1.717, 1.232
4450: -33.536, 25.000, -0.988, 1.980, 1.222
4500: -31.884, 25.000, -1.665, 1.929, 1.258
Model saved at episode 4500
4550: -32.407, 25.000, -1.437, 2.136, 1.241
4600: -33.855, 25.000, -0.558, 2.005, 1.268
4650: -32.833, 25.000, -1.164, 2.487, 1.246
4700: -29.089, 25.000, -2.022, 2.385, 1.224
4750: -33.004, 25.000, -0.469, 2.077, 1.215
4800: -33.775, 25.000, -1.152, 1.858, 1.170
4850: -31.427, 25.000, -1.713, 1.719, 1.150
4900: -31.943, 25.000, -1.063, 1.782, 1.231
4950: -30.827, 25.000, -0.961, 1.764, 1.192
5000: -30.820, 25.000, -1.099, 1.472, 1.144
Model saved at episode 5000
5050: -32.499, 25.000, -1.528, 2.256, 1.190
5100: -32.538, 25.000, -0.795, 1.636, 1.201
5150: -30.657, 25.000, -1.376, 1.491, 1.197
5200: -31.771, 25.000, -0.829, 1.439, 1.239
5250: -32.211, 25.000, -0.504, 1.978, 1.228
5300: -30.188, 25.000, -0.480, 1.504, 1.218
5350: -34.516, 25.000, -0.482, 1.801, 1.191
5400: -30.363, 25.000, -1.796, 2.026, 1.156
5450: -32.308, 25.000, -1.345, 2.020, 1.151
5500: -33.086, 25.000, -0.294, 1.020, 1.150
Model saved at episode 5500
5550: -32.528, 25.000, -0.367, 1.158, 1.139
5600: -30.840, 25.000, -0.829, 1.523, 1.217
5650: -30.750, 25.000, -0.229, 1.416, 1.136
5700: -31.847, 25.000, 0.410, 1.043, 1.128
5750: -32.352, 25.000, -0.305, 1.392, 1.120
5800: -31.352, 25.000, -1.295, 1.903, 1.140
5850: -31.709, 25.000, -0.587, 1.103, 1.130
5900: -28.584, 25.000, -1.182, 1.332, 1.184
5950: -31.840, 25.000, -0.794, 1.555, 1.060
6000: -31.959, 25.000, -0.804, 1.619, 1.146
Model saved at episode 6000
6050: -34.286, 25.000, -0.898, 1.490, 1.082
6100: -29.951, 25.000, -0.968, 1.311, 1.094
6150: -30.296, 25.000, -0.762, 0.860, 1.116
6200: -31.293, 25.000, -0.431, 1.208, 1.109
6250: -31.459, 25.000, -0.331, 1.054, 1.064
6300: -32.466, 25.000, -0.237, 1.234, 1.080
6350: -31.744, 25.000, -0.923, 1.279, 1.036
6400: -31.042, 25.000, -0.579, 0.706, 1.032
6450: -32.987, 25.000, -0.008, 1.055, 1.042
6500: -30.920, 25.000, 0.142, 0.839, 1.073
Model saved at episode 6500
6550: -32.135, 25.000, 0.109, 0.997, 1.088
6600: -28.945, 25.000, -0.115, 0.858, 1.032
6650: -31.008, 25.000, -0.429, 0.968, 1.026
6700: -30.028, 25.000, -0.393, 0.635, 0.998
6750: -30.838, 25.000, -0.639, 0.878, 1.030
6800: -30.729, 25.000, -0.612, 1.015, 1.092
6850: -31.424, 25.000, -0.347, 0.830, 1.061
6900: -31.225, 25.000, -0.400, 1.075, 1.068
6950: -31.764, 25.000, 0.087, 0.740, 1.047
7000: -30.422, 25.000, -0.259, 0.581, 1.064
Model saved at episode 7000
7050: -31.938, 25.000, 0.330, 0.570, 1.037
7100: -32.594, 25.000, -0.078, 0.768, 1.025
7150: -29.935, 25.000, -0.571, 0.614, 1.051
7200: -28.818, 25.000, -0.447, 0.707, 1.026
7250: -33.039, 25.000, 0.314, 0.832, 1.007
7300: -30.709, 25.000, -0.307, 0.668, 0.984
7350: -28.960, 25.000, -0.273, 0.525, 1.008
7400: -30.306, 25.000, -0.208, 0.658, 1.023
7450: -33.445, 25.000, -0.177, 0.916, 1.043
7500: -31.513, 25.000, -0.385, 0.738, 1.039
Model saved at episode 7500
7550: -30.057, 25.000, -0.185, 0.549, 1.013
7600: -30.487, 25.000, -0.054, 0.694, 1.027
7650: -31.511, 25.000, 0.565, 0.536, 1.021
7700: -30.443, 25.000, -0.522, 1.076, 1.024
7750: -31.365, 25.000, -0.339, 0.741, 1.024
7800: -30.859, 25.000, -0.339, 0.636, 1.008
7850: -31.922, 25.000, -0.023, 0.519, 0.995
7900: -29.337, 25.000, -0.808, 0.641, 0.982
7950: -31.348, 25.000, 0.699, 0.437, 0.971
8000: -31.471, 25.000, 1.322, 0.544, 0.950
Model saved at episode 8000
8050: -32.134, 25.000, 0.916, 0.580, 0.962
8100: -32.236, 25.000, 0.597, 0.636, 0.942
8150: -30.419, 25.000, -0.091, 0.708, 0.938
8200: -33.006, 25.000, 0.604, 0.922, 0.939
8250: -30.880, 25.000, 0.133, 0.821, 0.943
8300: -29.627, 25.000, 0.256, 0.670, 0.943
8350: -33.186, 25.000, 1.013, 0.795, 0.958
8400: -31.180, 25.000, 0.337, 0.541, 0.928
8450: -34.630, 25.000, 0.348, 0.966, 0.898
8500: -31.579, 25.000, -0.670, 0.850, 0.882
Model saved at episode 8500
8550: -32.227, 25.000, -0.348, 0.586, 0.863
8600: -31.238, 25.000, -0.153, 0.426, 0.877
8650: -31.415, 25.000, 0.297, 0.529, 0.835
8700: -30.804, 25.000, 0.628, 0.555, 0.874
8750: -29.365, 25.000, 0.567, 0.537, 0.878
8800: -32.173, 25.000, 0.811, 0.682, 0.861
8850: -31.186, 25.000, 0.197, 0.816, 0.872
8900: -33.373, 25.000, 0.189, 0.963, 0.841
8950: -30.924, 25.000, -1.254, 0.924, 0.840
9000: -31.689, 25.000, 0.029, 0.612, 0.862
Model saved at episode 9000
9050: -29.369, 25.000, 0.246, 0.624, 0.836
9100: -32.780, 25.000, 1.091, 0.576, 0.826
9150: -32.094, 25.000, 0.368, 0.758, 0.869
9200: -31.355, 25.000, -0.216, 0.761, 0.852
9250: -30.622, 25.000, -0.602, 0.742, 0.857
9300: -32.414, 25.000, 0.303, 0.633, 0.862
9350: -32.794, 25.000, -0.387, 0.714, 0.881
9400: -27.870, 25.000, -0.976, 0.513, 0.911
9450: -31.019, 25.000, 0.947, 0.663, 0.904
9500: -31.634, 25.000, 0.451, 0.848, 0.897
Model saved at episode 9500
9550: -31.047, 25.000, -0.426, 0.839, 0.888
9600: -29.362, 25.000, -1.022, 1.011, 0.911
9650: -31.334, 25.000, -0.213, 0.878, 0.938
9700: -30.620, 25.000, -0.044, 0.618, 0.920
9750: -31.926, 25.000, 0.869, 0.504, 0.922
9800: -33.798, 25.000, -0.266, 0.883, 0.901
9850: -30.316, 25.000, -0.649, 0.512, 0.887
9900: -32.083, 25.000, 0.400, 0.444, 0.855
9950: -31.918, 25.000, 0.661, 0.558, 0.916
10000: -30.704, 25.000, 1.110, 0.597, 0.912
Model saved at episode 10000
10050: -30.201, 25.000, 1.062, 0.408, 0.877
10100: -31.104, 25.000, 0.008, 0.561, 0.871
10150: -29.850, 25.000, -0.237, 0.525, 0.864
10200: -31.193, 25.000, 0.613, 0.645, 0.847
10250: -29.789, 25.000, 1.414, 0.439, 0.855
10300: -30.395, 25.000, 1.394, 0.525, 0.878
10350: -28.402, 25.000, 0.798, 0.552, 0.865
10400: -30.869, 25.000, 0.049, 0.630, 0.851
10450: -29.799, 25.000, -0.836, 0.754, 0.881
10500: -29.583, 25.000, 0.044, 0.347, 0.843
Model saved at episode 10500
10550: -31.261, 25.000, 1.602, 0.440, 0.883
10600: -31.344, 25.000, 0.703, 0.707, 0.826
10650: -29.990, 25.000, -0.478, 0.663, 0.796
10700: -31.966, 25.000, -0.095, 0.560, 0.810
10750: -28.738, 25.000, -1.063, 0.436, 0.812
10800: -29.878, 25.000, 1.663, 0.301, 0.827
10850: -28.153, 25.000, 1.898, 0.418, 0.809
10900: -33.127, 25.000, 1.948, 0.557, 0.827
10950: -30.781, 25.000, 0.533, 0.609, 0.848
11000: -28.907, 25.000, -0.438, 0.581, 0.809
Model saved at episode 11000
11050: -29.203, 25.000, 0.136, 0.299, 0.777
11100: -34.493, 25.000, 0.340, 0.514, 0.841
11150: -31.913, 25.000, 0.085, 0.360, 0.810
11200: -32.140, 25.000, 0.499, 0.367, 0.815
11250: -30.571, 25.000, 0.163, 0.504, 0.794
11300: -30.054, 25.000, 0.216, 0.589, 0.812
11350: -32.128, 25.000, 0.229, 0.729, 0.778
11400: -29.468, 25.000, -0.649, 0.707, 0.824
11450: -29.996, 25.000, 0.227, 0.490, 0.818
11500: -31.536, 25.000, 0.073, 0.633, 0.836
Model saved at episode 11500
11550: -29.617, 25.000, -0.023, 0.606, 0.818
11600: -27.006, 25.000, 0.214, 0.365, 0.787
11650: -30.835, 25.000, 0.876, 0.537, 0.815
11700: -31.421, 25.000, -0.062, 0.723, 0.801
11750: -32.142, 25.000, -0.589, 0.565, 0.777
11800: -33.504, 25.000, 0.631, 0.460, 0.820
11850: -29.946, 25.000, 0.494, 0.504, 0.811
11900: -31.344, 25.000, 0.669, 0.753, 0.865
11950: -30.228, 25.000, -0.317, 0.694, 0.885
12000: -32.850, 25.000, -0.652, 0.538, 0.879
Model saved at episode 12000
12050: -30.584, 25.000, -0.717, 0.459, 0.856
12100: -29.851, 25.000, 1.430, 0.300, 0.820
12150: -31.553, 25.000, 2.122, 0.468, 0.817
12200: -29.618, 25.000, -0.034, 0.752, 0.831
12250: -31.106, 25.000, -0.093, 0.516, 0.804
12300: -29.976, 25.000, -0.441, 0.449, 0.814
12350: -29.234, 25.000, 0.349, 0.396, 0.821
12400: -30.974, 25.000, 0.738, 0.424, 0.816
12450: -28.394, 25.000, -0.230, 0.433, 0.853
12500: -28.905, 25.000, -0.178, 0.417, 0.886
Model saved at episode 12500
12550: -31.773, 25.000, 0.311, 0.476, 0.846
12600: -30.057, 25.000, -0.495, 0.536, 0.825
12650: -27.562, 25.000, -0.397, 0.339, 0.798
12700: -28.767, 25.000, 0.269, 0.593, 0.784
12750: -29.713, 25.000, 1.519, 0.266, 0.751
12800: -29.646, 25.000, -0.089, 0.526, 0.790
12850: -30.591, 25.000, -0.388, 0.490, 0.805
12900: -29.274, 25.000, -0.173, 0.363, 0.761
12950: -31.118, 25.000, 0.491, 0.421, 0.779
13000: -31.118, 25.000, 0.009, 0.530, 0.779
Model saved at episode 13000
13050: -30.694, 25.000, -0.538, 0.542, 0.773
13100: -31.251, 25.000, 0.986, 0.361, 0.821
13150: -26.745, 25.000, -0.132, 0.459, 0.860
13200: -28.968, 25.000, -0.091, 0.539, 0.857
13250: -29.304, 25.000, -0.370, 0.383, 0.827
13300: -29.707, 25.000, 0.163, 0.230, 0.809
13350: -31.114, 25.000, 0.151, 0.414, 0.856
13400: -29.067, 25.000, -0.327, 0.493, 0.846
13450: -30.398, 25.000, -0.315, 0.539, 0.843
13500: -30.590, 25.000, -0.231, 0.526, 0.870
Model saved at episode 13500
13550: -30.709, 25.000, -0.430, 0.476, 0.826
13600: -31.977, 25.000, 0.418, 0.571, 0.824
13650: -29.340, 25.000, 0.994, 0.321, 0.834
13700: -31.024, 25.000, 0.473, 0.488, 0.855
13750: -28.978, 25.000, -0.198, 0.456, 0.825
13800: -30.369, 25.000, 0.001, 0.433, 0.857
13850: -31.331, 25.000, -0.177, 0.492, 0.816
13900: -29.915, 25.000, 0.103, 0.392, 0.840
13950: -28.061, 25.000, 0.407, 0.413, 0.839
14000: -28.922, 25.000, -0.003, 0.467, 0.817
Model saved at episode 14000
14050: -30.168, 25.000, -0.471, 0.691, 0.882
14100: -30.198, 25.000, -0.520, 0.398, 0.850
14150: -29.275, 25.000, 0.841, 0.372, 0.875
14200: -31.360, 25.000, 1.256, 0.355, 0.860
14250: -30.945, 25.000, 0.025, 0.513, 0.855
14300: -29.416, 25.000, 0.333, 0.585, 0.864
14350: -30.788, 25.000, 1.019, 0.349, 0.850
14400: -27.272, 25.000, 0.146, 0.407, 0.829
14450: -28.117, 25.000, 0.650, 0.341, 0.845
14500: -32.048, 25.000, -0.010, 0.565, 0.846
Model saved at episode 14500
14550: -32.838, 25.000, -0.431, 0.522, 0.815
14600: -32.979, 25.000, 1.122, 0.414, 0.820
14650: -30.779, 25.000, 0.001, 0.510, 0.824
14700: -32.567, 25.000, 0.602, 0.383, 0.831
14750: -30.024, 25.000, -0.889, 0.557, 0.831
14800: -29.847, 25.000, 0.093, 0.311, 0.814
14850: -29.567, 25.000, -0.479, 0.510, 0.844
14900: -29.407, 25.000, -0.368, 0.465, 0.848
14950: -26.873, 25.000, -0.067, 0.321, 0.816
15000: -29.780, 25.000, 0.253, 0.506, 0.818
Model saved at episode 15000
15050: -27.967, 25.000, -0.289, 0.429, 0.825
15100: -32.860, 25.000, -0.494, 0.653, 0.830
15150: -29.172, 25.000, 1.039, 0.344, 0.827
15200: -29.188, 25.000, 0.910, 0.449, 0.827
15250: -31.807, 25.000, -0.419, 0.792, 0.833
15300: -28.638, 25.000, -0.398, 0.348, 0.831
15350: -30.032, 25.000, 0.957, 0.355, 0.836
15400: -29.831, 25.000, 0.244, 0.562, 0.847
15450: -31.060, 25.000, -0.784, 0.528, 0.826
15500: -30.297, 25.000, 0.199, 0.381, 0.829
Model saved at episode 15500
15550: -29.803, 25.000, 0.372, 0.512, 0.848
15600: -32.345, 25.000, -0.200, 0.802, 0.838
15650: -26.997, 25.000, -0.375, 0.435, 0.823
15700: -31.112, 25.000, 1.141, 0.462, 0.765
15750: -29.643, 25.000, -0.175, 0.671, 0.767
15800: -29.235, 25.000, -0.998, 0.640, 0.759
15850: -34.132, 25.000, 0.232, 0.527, 0.731
15900: -31.723, 25.000, -0.144, 0.481, 0.708
15950: -29.009, 25.000, 0.579, 0.442, 0.750
16000: -32.305, 25.000, 0.442, 0.553, 0.726
Model saved at episode 16000
16050: -29.954, 25.000, -1.143, 0.571, 0.740
16100: -31.678, 25.000, 0.361, 0.388, 0.743
16150: -30.251, 25.000, 0.315, 0.434, 0.769
16200: -31.650, 25.000, -0.705, 0.597, 0.763
16250: -29.579, 25.000, -0.095, 0.369, 0.784
16300: -30.782, 25.000, 0.732, 0.330, 0.824
16350: -32.154, 25.000, 0.069, 0.625, 0.850
16400: -31.190, 25.000, 0.631, 0.696, 0.812
16450: -30.679, 25.000, 0.555, 0.464, 0.798
16500: -31.375, 25.000, -0.762, 0.756, 0.768
Model saved at episode 16500
16550: -31.233, 25.000, 0.790, 0.337, 0.820
16600: -26.998, 25.000, 0.488, 0.366, 0.822
16650: -28.891, 25.000, -0.040, 0.507, 0.861
16700: -31.094, 25.000, -0.097, 0.535, 0.839
16750: -31.298, 25.000, -0.367, 0.634, 0.845
16800: -28.060, 25.000, -0.747, 0.529, 0.849
16850: -29.702, 25.000, 0.875, 0.412, 0.882
16900: -27.800, 25.000, -0.849, 0.682, 0.853
16950: -27.668, 25.000, -0.007, 0.360, 0.874
17000: -29.961, 25.000, 0.427, 0.427, 0.866
Model saved at episode 17000
17050: -30.567, 25.000, -0.895, 0.684, 0.880
17100: -29.374, 25.000, 0.911, 0.461, 0.861
17150: -32.397, 25.000, 0.821, 0.512, 0.850
17200: -28.405, 25.000, 1.451, 0.573, 0.832
17250: -30.959, 25.000, 0.993, 0.614, 0.826
17300: -29.238, 25.000, -0.953, 0.842, 0.788
17350: -33.138, 25.000, -0.423, 0.503, 0.803
17400: -29.047, 25.000, 1.172, 0.354, 0.757
17450: -30.599, 25.000, 1.505, 0.454, 0.756
17500: -31.598, 25.000, 0.158, 0.679, 0.753
Model saved at episode 17500
17550: -27.151, 25.000, -1.237, 0.774, 0.792
17600: -29.308, 25.000, 0.793, 0.400, 0.797
17650: -33.058, 25.000, 0.405, 0.480, 0.797
17700: -30.481, 25.000, -0.057, 0.672, 0.818
17750: -28.789, 25.000, -0.325, 0.586, 0.833
17800: -29.916, 25.000, -0.321, 0.583, 0.819
17850: -29.020, 25.000, -0.582, 0.582, 0.820
17900: -27.926, 25.000, -0.389, 0.430, 0.834
17950: -27.976, 25.000, -0.316, 0.459, 0.826
18000: -30.038, 25.000, -0.499, 0.501, 0.844
Model saved at episode 18000
18050: -27.632, 25.000, -0.207, 0.394, 0.788
18100: -30.165, 25.000, -0.219, 0.595, 0.786
18150: -30.875, 25.000, -0.377, 0.561, 0.817
18200: -27.893, 25.000, 0.488, 0.480, 0.792
18250: -30.025, 25.000, -0.002, 0.491, 0.818
18300: -31.053, 25.000, -0.796, 0.736, 0.824
18350: -29.238, 25.000, 0.975, 0.500, 0.843
18400: -29.931, 25.000, 0.351, 0.490, 0.824
18450: -31.484, 25.000, -0.702, 0.662, 0.856
18500: -29.619, 25.000, -0.662, 0.468, 0.812
Model saved at episode 18500
18550: -29.531, 25.000, -0.079, 0.398, 0.840
18600: -30.185, 25.000, -0.554, 0.524, 0.817
18650: -28.418, 25.000, -0.196, 0.442, 0.846
18700: -30.160, 25.000, -0.526, 0.480, 0.835
18750: -30.150, 25.000, -0.061, 0.458, 0.845
18800: -29.193, 25.000, 0.037, 0.631, 0.837
18850: -30.751, 25.000, 0.174, 0.667, 0.825
18900: -27.825, 25.000, -0.175, 0.441, 0.830
18950: -27.561, 25.000, -0.462, 0.423, 0.825
19000: -27.706, 25.000, -0.250, 0.479, 0.787
Model saved at episode 19000
19050: -32.026, 25.000, -0.157, 0.570, 0.798
19100: -29.566, 25.000, -0.265, 0.747, 0.773
19150: -29.444, 25.000, 0.339, 0.444, 0.817
19200: -30.170, 25.000, -0.505, 0.523, 0.796
19250: -31.023, 25.000, -0.843, 0.584, 0.786
19300: -30.971, 25.000, 0.287, 0.453, 0.773
19350: -30.703, 25.000, 0.364, 0.567, 0.788
19400: -31.004, 25.000, 0.636, 0.574, 0.820
19450: -30.545, 25.000, 0.942, 0.464, 0.770
19500: -28.184, 25.000, -0.944, 0.630, 0.787
Model saved at episode 19500
19550: -30.049, 25.000, 0.731, 0.417, 0.791
19600: -29.902, 25.000, 0.318, 0.471, 0.778
19650: -29.390, 25.000, 0.888, 0.590, 0.769
19700: -27.695, 25.000, -0.429, 0.427, 0.770
19750: -29.094, 25.000, -0.292, 0.434, 0.786
19800: -29.349, 25.000, 0.284, 0.407, 0.773
19850: -30.860, 25.000, -0.924, 0.679, 0.772
19900: -31.110, 25.000, -0.076, 0.444, 0.768
19950: -30.504, 25.000, -0.167, 0.449, 0.756
20000: -31.247, 25.000, -0.325, 0.456, 0.767
Model saved at episode 20000

Training time = 0:46:43
